1.9326273785218337
1.1667245991365958
0.9112268876583581
0.7470867780527197
0.6314063246567625
0.5538297017956454
0.48809766215799
0.44173787471888476
0.3980179362042866
0.3634605195289297
0.3297278761344729
0.302853068551305
0.27114271629114645
0.2538784039543692
0.2203370431899815
0.20447707025569048
0.18673541048466918
0.16623356640360334
0.15028582328097365
0.13750629143450008
0.12352776368233594
0.11093373840309052
0.0964992171503828
0.0880149882191499
0.07780338195061272
0.06811428571217433
0.06002191406525376
0.053429446107026955
0.04344390609947255
0.038876560808871946
