406.1283812522888
415.203102350235
407.56436228752136
410.9605164527893
408.2680764198303
408.4313449859619
409.01642870903015
415.96850085258484
401.31362199783325
420.61126017570496
405.99316358566284
420.5249910354614
408.390243768692
408.5719208717346
410.54627561569214
406.9342110157013
413.66756558418274
416.92666459083557
408.9543159008026
363.2068862915039
360.771178483963
418.4249255657196
418.6006624698639
407.47324800491333
415.8075215816498
407.24539375305176
407.58974289894104
409.30719327926636
408.4139504432678
409.09177017211914
