298.0020000934601
297.659170627594
291.2594618797302
297.02761244773865
291.4481449127197
298.49444460868835
292.22540521621704
296.58748054504395
292.71838998794556
297.83764600753784
290.9195737838745
297.7740228176117
290.9070773124695
297.4936194419861
291.61360120773315
297.53958463668823
291.6614637374878
297.49178528785706
290.54619097709656
297.7785270214081
258.69490337371826
245.96628952026367
294.0398180484772
297.6184170246124
295.3076150417328
297.04131054878235
296.8037977218628
298.4644203186035
297.75209522247314
296.91847372055054
