0.5068812252329442
0.6860072828531648
0.7476705579950733
0.7868694441469423
0.816991539038235
0.8354396487094355
0.8556816964763843
0.8666327514190854
0.8801006747349256
0.888347434936275
0.9005836992610046
0.9072507229302774
0.9156045839134626
0.921709328478098
0.931535825211524
0.9367837635214737
0.9415765235086216
0.9479222448323873
0.9516439970011781
0.956811609724751
0.9591678269251366
0.9644425404305451
0.9682713933811716
0.9710024633179822
0.9750455178322802
0.9775891614008783
0.9804541073149834
0.9825425725607797
0.9851397665202956
0.9872550069615508
