1.865135184241586
1.0930953471576035
0.8290522164225059
0.6629419596135178
0.5416247786545033
0.4450625824575812
0.38722666811527684
0.33546240521929305
0.2990647770415848
0.26755998491225447
0.24745758026941964
0.2109833242829976
0.19483024094897278
0.17975182063532436
0.15914585444623777
0.1434379405799673
0.1286822529701501
0.11579803615987838
0.1064159394191913
0.09706551950206795
0.0866829732506792
0.0803226671357155
0.07121585154865623
0.06646726641474883
0.05916012001060989
0.05192614161750615
0.04764142402943876
0.04811959625447511
0.04397787759542139
0.04229416948867431
