0.5145389311341972
0.7015904466102603
0.7676984041983507
0.8089589804005569
0.8419460212059549
0.8664988754417907
0.8834207989718325
0.8981739316697012
0.9083752811395523
0.9195405376459248
0.9246278247831209
0.9357395308985755
0.940719717253936
0.9441469422726786
0.9513494698511299
0.9579361679340259
0.960479811502624
0.9650851451215594
0.9689675484631037
0.9705472849951805
0.9730106029774017
0.976223626432473
0.9787940451965299
0.9797579522330513
0.9821944950198136
0.983881332333726
0.9841223090928564
0.9847649137838707
0.9859430223840634
0.986451751097783
