1.8444205576317059
1.0704058552213223
0.8055744114677251
0.6211498291226705
0.5088796163382385
0.4194963003505006
0.35931949753043013
0.3172868553494798
0.2847939527028943
0.2589166563261054
0.2376840587276107
0.2095657256916562
0.1950889264237651
0.17316902473979304
0.15383108899700196
0.14147374890623543
0.12887241266417557
0.1167024647828808
0.10875819066765544
0.09224784387744991
0.09169112315916733
0.07815104832393333
0.07136893854218122
0.06918273161726417
0.05525768695582367
0.05506466844194561
0.051963630577979036
0.046672838744351824
0.044114340531728344
0.043723044966314586
