380.83861923217773
418.5171811580658
425.2879283428192
411.5520746707916
425.2609417438507
414.51358461380005
421.6012222766876
418.84348225593567
416.6302099227905
425.29080033302307
423.0636258125305
429.89825558662415
424.2031681537628
411.4582529067993
428.0181896686554
414.1247217655182
424.74500250816345
422.2278616428375
421.3939309120178
372.80201482772827
369.0381209850311
428.2929484844208
425.8286762237549
420.52936577796936
420.5131416320801
415.61789751052856
417.69521951675415
424.88251066207886
411.55300974845886
402.66435265541077
