0.5217950091035665
0.7058744778836885
0.7736424975902324
0.8190532290885724
0.8490146728071115
0.8745849844703867
0.889445217950091
0.9031541180250616
0.9137035450358788
0.9201563671414801
0.9264485380743279
0.9341865695619578
0.9402913141265932
0.9458070043911321
0.9528756559922887
0.9570793616793403
0.9612562921709329
0.9650048195351826
0.9671736103673557
0.9721537967227161
0.9733051301274499
0.9754203705687051
0.9773481846417479
0.9786869444146943
0.9830245260790403
0.9825157973653208
0.9830245260790403
0.9844168362429045
0.9863714255114062
0.9854342936703437
