1.9171061909142906
1.0883628302200172
0.8002572791389073
0.6165662442918722
0.49667017186184287
0.41120421114970507
0.3525371126569325
0.3136589496026996
0.2836418525828975
0.26032656558723727
0.23373963354653612
0.21800851648997885
0.1893324833630031
0.1710064451944146
0.16410523274232974
0.1460492108747495
0.1422779373402917
0.12006795561465348
0.10590062025793617
0.10239431513395804
0.09862649941933624
0.0878326831299139
0.08057756129850883
0.07070718729709527
0.06388284216992626
0.05748320859847788
0.0545433221779179
0.05109268855520897
0.04462617054562389
0.04979881521690892
