437.78105878829956
527.9444844722748
521.9209377765656
535.464367389679
520.7240726947784
526.9358639717102
526.9456956386566
528.1247520446777
533.46635389328
538.4686019420624
520.8297839164734
537.5282185077667
523.1304218769073
523.9344718456268
536.1199901103973
501.6607048511505
445.06015515327454
535.8807051181793
525.638959646225
537.0116276741028
518.7641897201538
521.8107068538666
534.3677124977112
519.8016319274902
328.5671615600586
290.4078140258789
292.8749029636383
292.32124638557434
291.88288855552673
291.65217447280884
