0.5059440933918817
0.7012155938738353
0.7741512263039521
0.8211952447252865
0.8526025489986077
0.877396379993574
0.8933811716825533
0.9045196529934668
0.9152029559815786
0.9232087394237978
0.9283495769519118
0.9350166006211845
0.9443075934454321
0.9476812680732569
0.9518314233693906
0.956436756988326
0.9583645710613687
0.9646567419942166
0.9677626646674521
0.9686462461175966
0.971832494377209
0.974376137945807
0.9750722930277391
0.9785530684373996
0.9803470065331477
0.9827299989289922
0.9833726036200064
0.9844971618292814
0.9850594409339188
0.9835600299882189
