1.854016100809756
1.0848762539775176
0.8188051188328781
0.64363390920008
0.5079217048984493
0.4228896669066172
0.363031193357004
0.3194020366330482
0.2854433689349545
0.2626005213062833
0.2276169974141275
0.2141291188586755
0.1829443969934177
0.1688893848896691
0.1542999351517691
0.14267773345749316
0.12449929707509168
0.10899705275418661
0.10514816259322834
0.100070630955693
0.08577355112406553
0.07862273183573346
0.07363751006788756
0.06397535829341364
0.05459623519579431
0.05217559995015165
0.0496695427530585
0.04416157924734019
0.04376604683946659
0.04154434340646115
