0.5190907143622149
0.7040002142015637
0.7671093498982543
0.8109403448645175
0.852843525757738
0.8742369069294206
0.8903823497911535
0.9035021955660276
0.9130609403448645
0.9198886151868909
0.9290457320338439
0.9351237014030203
0.9432365856270751
0.9482970975688122
0.9538127878333512
0.9572667880475527
0.961952447252865
0.9663971296990468
0.9692888508086109
0.9698511299132484
0.9731177037592375
0.97654492877798
0.9766788047552747
0.9798918282103459
0.9827567741244511
0.9833190532290885
0.9844168362429045
0.9859697975795223
0.9861304487522758
0.9861572239477349
