125.79991340637207
126.99783492088318
125.7842378616333
125.34752249717712
124.7910783290863
125.8262152671814
126.78022503852844
125.74217295646667
124.29714608192444
126.17491555213928
124.75201869010925
123.60837817192078
124.07879590988159
128.1485993862152
124.5301206111908
123.57659339904785
122.5628559589386
122.51085948944092
123.45446753501892
125.90701389312744
125.2289366722107
125.53365921974182
126.33595824241638
124.95009231567383
123.26870656013489
125.24389052391052
126.74358987808228
126.16057920455933
124.46085476875305
125.79143929481506
